[LEFT_CAM_FHD1200]
fx=735.327
fy=735.104
cx=978.117
cy=576.618
k1=-0.0166323
k2=-0.0273565
p1=7.04243e-05
p2=2.09564e-05
k3=0.00695552

[RIGHT_CAM_FHD1200]
fx=736.339
fy=735.835
cx=976.348
cy=576.689
k1=-0.0158105
k2=-0.0276155
p1=-6.59245e-05
p2=3.80654e-06
k3=0.006958

[LEFT_CAM_FHD]
fx=735.327
fy=735.104
cx=978.117
cy=516.618
k1=-0.0166323
k2=-0.0273565
p1=7.04243e-05
p2=2.09564e-05
k3=0.00695552

[RIGHT_CAM_FHD]
fx=736.339
fy=735.835
cx=976.348
cy=516.689
k1=-0.0158105
k2=-0.0276155
p1=-6.59245e-05
p2=3.80654e-06
k3=0.006958

[LEFT_CAM_SVGA]
fx=367.6635
fy=367.552
cx=489.0585
cy=288.309
k1=-0.0166323
k2=-0.0273565
p1=7.04243e-05
p2=2.09564e-05
k3=0.00695552

[RIGHT_CAM_SVGA]
fx=368.1695
fy=367.9175
cx=488.174
cy=288.3445
k1=-0.0158105
k2=-0.0276155
p1=-6.59245e-05
p2=3.80654e-06
k3=0.006958

[LEFT_DISTO]
k1=2.33
k2=2.6674
k3=0.387439
k4=2.33531
k5=2.68056
k6=0.602241
p1=3.9561e-05
p2=-1.79611e-05

[RIGHT_DISTO]
k1=0.483113
k2=-0.0946068
k3=-0.0561092
k4=0.473087
k5=-0.0117783
k6=-0.0822026
p1=-0.000100259
p2=1.76283e-05

[STEREO]
Baseline=49.8906
TY=-0.0659837
TZ=0.231063
CV_FHD=0.00770684
CV_SVGA=0.00770684
CV_FHD1200=0.00770684
RX_FHD=-0.000158776
RX_SVGA=-0.000158776
RX_FHD1200=-0.000158776
RZ_FHD=0.00116844
RZ_SVGA=0.00116844
RZ_FHD1200=0.00116844

[MISC]
Sensor_ID=1
